92
484
13
288
369
410
157
173
204
41
336
94
146
66
121
46
101
348
358
210
130
195
305
251
229
170
136
208
416
370
103
224
424
172
63
12
16
37
187
448
43
188
73
281
215
77
327
482
465
463
437
285
483
324
149
309
162
238
34
481
245
26
290
134
331
476
23
59
298
274
9
450
152
306
325
218
209
276
115
61
474
468
286
317
78
145
318
282
140
250
91
190
228
461
496
319
160
227
56
356
357
409
143
142
104
421
132
161
22
283
141
169
80
320
70
47
322
18
233
147
429
111
99
11
287
473
6
414
308
316
196
428
444
398
117
86
225
389
394
3
76
270
214
340
79
374
154
75
399
81
182
165
378
449
295
280
15
7
294
366
408
171
17
339
189
435
128
93
343
150
326
405
315
372
105
349
457
419
95
256
302
108
273
401
114
237
466
113
455
395
119
159
431
344
2
151
353
293
200
232
220
493
425
98
377
212
231
472
462
205
239
412
438
393
296
57
85
69
345
265
418
407
198
352
486
129
203
62
125
197
221
201
442
235
8
396
67
40
60
367
400
436
184
193
404
163
467
216
102
475
313
222
90
167
417
199
332
499
19
178
175
144
97
460
470
20
379
289
355
33
490
39
192
24
241
347
415
116
156
368
454
211
403
153
363
446
420
337
5
335
124
191
252
495
272
262
364
25
133
314
291
217
422
55
382
120
359
433
164
260
411
350
269
381
100
35
1
430
300
226
53
230
451
246
10
297
487
88
310
64
397
54
271
36
28
127
445
135
447
131
477
413
213
342
311
365
478
346
50
186
299
304
107
259
110
177
277
44
500
139
84
402
307
489
14
68
31
242
376
243
361
362
456
264
123
427
126
334
391
498
387
166
386
312
38
452
51
426
72
49
406
471
234
71
268
118
83
219
202
30
383
480
292
439
338
48
236
27
266
137
341
261
96
263
106
52
168
330
180
497
223
258
185
158
206
464
441
492
254
155
388
275
432
207
181
328
351
423
479
443
138
434
380
74
255
278
65
323
375
279
384
440
257
385
373
303
354
174
459
29
390
458
485
491
4
329
176
109
45
183
284
194
249
82
42
469
248
87
122
392
247
267
240
244
89
21
488
321
179
32
301
453
494
148
58
360
371
112
333
253
501
502
503
504
505
506
507
508
509
510
511
512
513
514
515
516
517
518
519
520
521
522
523
524
525
526
527
528
529
530
531
532
533
534
535
536
537
538
539
540
541
542
543
544
545
546
547
548
549
550
551
552
553
554
555
556
557
558
559
560
561
562
563
564
565
566
567
568
569
570
571
572
573
574
575
576
577
578
579
580
581
582
583
584
585
586
587
588
589
590
591
592
593
594
595
596
597
598
599
600
601
602
603
604
605
606
607
608
609
610
611
612
613
614
615
616
617
618
619
620
621
622
623
624
625
626
627
628
629
630
631
632
633
634
635
636
637
638
639
640
641
642
643
644
645
646
647
648
649
650
651
652
653
654
655
656
657
658
659
660
661
662
663
664
665
666
667
668
669
670
671
672
673
674
675
676
677
678
679
680
681
682
683
684
685
686
687
688
689
690
691
692
693
694
695
696
697
698
699
700
701
702
703
704
705
706
707
708
709
710
711
712
713
714
715
716
717
718
719
720
721
722
723
724
725
726
727
728
729
730
731
732
733
734
735
736
737
738
739
740
741
742
743
744
745
746
747
748
749
750
751
752
753
754
755
756
757
758
759
760
761
762
763
764
765
766
767
768
769
770
771
772
773
774
775
776
777
778
779
780
781
782
783
784
785
786
787
788
789
790
791
792
793
794
795
796
797
798
799
800
801
802
803
804
805
806
807
808
809
810
811
812
813
814
815
816
817
818
819
820
821
822
823
824
825
826
827
828
829
830
831
832
833
834
835
836
837
838
839
840
841
842
843
844
845
846
847
848
849
850
851
852
853
854
855
856
857
858
859
860
861
862
863
864
865
866
867
868
869
870
871
872
873
874
875
876
877
878
879
880
881
882
883
884
885
886
887
888
889
890
891
892
893
894
895
896
897
898
899
900
901
902
903
904
905
906
907
908
909
910
911
912
913
914
915
916
917
918
919
920
921
922
923
924
925
926
927
928
929
930
931
932
933
934
935
936
937
938
939
940
941
942
943
944
945
946
947
948
949
950
951
952
953
954
955
956
957
958
959
960
961
962
963
964
965
966
967
968
969
970
971
972
973
974
975
976
977
978
979
980
981
982
983
984
985
986
987
988
989
990
991
992
993
994
995
996
997
998
999
1000
-1