6133
10771
14858
19296
24782
30069
36897
42931
50211
57043
62676
67460
71747
76133
80221
84852
88887
92979
96919
101304
106142
110927
116012
120001
124989
130524
134713
139350
144536
150618
154358
162287
166777
170573
174165
177312
182597
187786
191875
195709
199696
202789
206227
212210
216897
220534
224691
228575
231713
235407
241393
246029
250514
254353
257447
260540
263677
266672
270111
274098
278188
281976
285386
288626
291775
295306
299491
303376
307763
312606
318490
322180
325821
329761
333104
336246
339339
344375
349460
353053
356043
359431
362425
365521
368413
371454
374943
378880
382174
385614
389010
392542
396732
400370
404109
407552
410899
414284
417728
421362
424852
428693
431784
435331
438770
442455
445949
449534
453224
457364
464345
468034
472616
475766
479299
483431
486918
490257
494643
499484
504229
507418
511008
514642
517981
521426
524810
528853
532186
535526
539368
542907
546205
549449
552444
555641
559328
562969
566509
570395
573691
576835
579982
583572
586614
590000
593846
597635
601375
604565
608104
611642
615080
618372
621966
625852
629937
634020
637560
640796
643931
647169
650759
654202
657542
661055
664347
667587
671082
674279
677373
680969
684166
687553
690839
694039
697330
700720
703763
707107
710749
713793
716777
721010
724699
729791
733328
737761
741802
745539
749232
753021
756562
762668
766959
770649
774139
777330
780818
784755
788646
792289
795922
799366
802854
806403
809846
813833
817425
821516
824853
828495
832327
836361
839853
843293
847127
850963
854601
857839
861934
865874
869611
873752
878546
882151
885694
889040
894377
898763
902305
906746
910637
915079
919915
923111
926752
931065
936200
941935
946416
949908
954049
957937
961721
965254
969096
972787
976631
980622
984009
987646
991333
995475
1001056
1004450
1007985
1011628
1014973
1018511
1021897
1025187
1028974
1036204
1040041
1043533
1047820
1051854
1055742
1059977
1063717
1067650
1071490
1075061
1078504
1082497
1086538
1090629
1094267
1097854
1101348
1104835
1108324
1112212
1117097
1120791
1124678
1128215
1131459
1135143
1138889
1142476
1145968
1149261
1152702
1156044
1160034
1163721
1167113
1170755
1174691
1178249
1182986
1187228
1191264
1195001
1198836
1202128
1205668
1209156
1213440
1217783
1221973
1225815
1230705
1234694
1237985
1241329
1245577
1249165
1252500
1255839
1259478
1263362
1266551
1269592
1272832
1276521
1279663
1282562
1286100
1289483
1292626
1295614
1299202
1302843
1306328
1309519
1312910
1316503
1319847
1323290
1326931
1330762
1333907
1337501
1341194
1344734
1348224
1351614
1355105
1358199
1361391
1364733
1368323
1371861
1375209
1378799
1382442
1386080
1390020
1393113
1396256
1399804
1403344
1406538
1409727
1413221
1416261
1419498
1423344
1427132
1430524
1433921
1437200
1440596
1443988
1447330
1450571
1453960
1457154
1460749
1464239
1468377
1471570
1474755
1478101
1481740
1485526
1488819
1492308
1496243
1499588
1502926
1506568
1510109
1513696
1516982
1519923
1523257
1527093
1530632
1534022
1536762
1540054
1543844
1547487
1551180
1560952
1565590
1569422
1574209
1579397
1585028
1589364
1593053
1596843
1602428
1606368
1610212
1613902
1617757
1622347
1626436
1630620
1634411
1638701
1644085
1647674
1651112
1654855
1658596
1662235
1666624
1671561
1675652
1678996
1682239
1685381
1690223
1695804
1700943
1706073
1711158
1716844
1721927
1727358
1733139
1737475
1742214
1746662
1750998
1755991
1760585
1765526
1770662
1776155
1781285
1785471
1788859
1797234
1801727
1805418
1810603
1815087
1818425
1822163
1825860
1829200
1832686
1836526
1840073
1843316
1847301
1852386
1857430
1861671
1866703
1871238
1875425
1879809
1883946
1888785
1893624
1898016
1902055
1906392
1910785
1914970
1919200
1923835
1927928
1931919
1935910
1939253
1942941
1946929
1950962
1955503
1960288
1964373
1967812
1971352
1976492
1981575
1985018
1989605
1993935
1997031
2000122
2003663
2007953
2011554
2014802
2018342
2022132
2026021
2029662
2033852
2037442
2040832
2044273
2047660
2050952
2054544
2058274
2062359
2066299
2070033
2073475
2077212
2080949
2085039
2088430
2092168
2095859
2100695
2106273
2110360
2114747
2118890
2122778
2126022
2129765
2133655
2137142
2140732
2144321
2147956
2151648
2155186
2158376
2161813
2165210
2168947
2172137
2175476
2179115
2182345
2185535
2188924
2192263
2195657
2199494
2202884
2206275
2210710
2214388
2218279
2223713
2228548
2232935
2237325
2241467
2247950
2255131
2265893
2270956
2274998
2278928
2282862
2286409
2290442
2295382
2300315
2305209
2309396
2313281
2317221
2321453
2324949
2328740
2332229
2335820
2339654
2343196
2347618
2351007
2355052
2358990
2362432
2365722
2369714
2373152
2377143
2380734
2384523
2388512
2392845
2397031
2401170
2404961
2408803
2413242
2417529
2423210
2427498
2431879
2435820
2439812
2443597
2447741
2452172
2456714
2461353
2466042
2469781
2473172
2476413
2479592
2482884
2489373
2495706
2499494
2503031
2507171
2511212
2515005
2518892
2523328
2527766
2530958
2534598
2538087
2542268
2545656
2549446
2553132
2556666
2559958
2563496
2568083
2571673
2575165
2578903
2582989
2586629
2590170
2595404
2600539
2605081
2608269
2612307
2615997
2619535
2623225
2627618
2631162
2634754
2638043
2641479
2644771
2648163
2652256
2655798
2659236
2662975
2666067
2669565
2673406
2676798
2680888
2684478
2688119
2691562
2695353
2698895
2702383
2705923
2709812
2713504
2717047
2720734
2724265
2728260
2731900
2735640
2739533
2743122
2746511
2750199
2753993
2757235
2760722
2764458
2768205
2771792
2775034
2778624
2784252
2789193
2795026
2800264
2805907
2811045
2815284
2819815
2824499
2828789
2832075
2835464
2839247
2844135
2849833
2855311
2860290
2865522
2871061
2876042
2880132
2884424
2894045
2897682
2901117
2905857
2911094
2915832
2921161
2926198
2930684
2934076
2938615
2943053
2947147
2951330
2954970
2958012
2960953
2964140
2967685
2970923
2974213
2977798
2981037
2984627
2987965
2991860
2995251
2998889
3002267
3005755
3008897
3012485
3016368
3020954
3024298
3028386
3031575
3035061
3038543
3041782
3045122
3048410
3051647
3054491
3058030
3061574
3065708
3068799
3072142
3075384
3078976
3082512
3085800
3089591
3093332
3096816
3101052
3105391
3109629
3113328
3116820
3120510
3124203
3127795
3131282
3135618
3139208
3142602
3146539
3149928
3153867
3157512
3161451
3165484
3168778
3171973
3175910
3179461
3182457
3186101
3190634
3194277
3197617
3201102
3205191
3209037
3213226
3216572
3219761
3223003
3226594
3230082
3233925
3238260
3242052
3246140
3249726
3253866
3257760
3261202
3264892
3268882
3272675
3277762
3281643
3285781
3289767
3294948
3299984
3303380
3306873
3310066
3314154
3318840
3323175
3326815
3331599
3336040
3339538
3347016
3351706
3355994
3361174
3365465
3369753
3373943
3377832
3381271
3384760
3388652
3392839
3396030
3399372
3403212
3407598
3411587
3415476
3419115
3423049
3427337
3432172
3437008
3442287
3447374
3452316
3457442
3461831
3466969
3471918
3477101
3481382
3486368
3491303
3496788
3501769
3506307
3509655
3512895
3516627
3520920
3525761
3530248
3533639
3537230
3541318
3546113
3550749
3555794
3559587
3563874
3568355
3572942
3577277
3582362
3586648
3591289
3595427
3599511
3603847
3607534
3610929
3614567
3618007
3621350
3624842
3628580
3632120
3635859
3639493
3642932
3646076
3649613
3653316
3656856
3660546
3664934
3669421
3673969
3677806
3681002
3685236
3690015
3694107
3697247
3700985
3704728
3708466
3713648
3717587
3722074
3725566
3729007
3732495
3735638
3739274
3742967
3746910
3750593
3754034
3757527
3760628
3764012
3767360
3770849
3774292
3777733
3781266
3784855
3788994
3792485
3796229
3799971
3803611
3807348
3811940
3817077
3821813
3825807
3829645
3833539
3837182
3841019
3844956
3848646
3851685
3855324
3858762
3862601
3866690
3870332
3874071
3877364
3880759
3883822
3888806
3892499
3895737
3899180
3902272
3905115
3909599
3912836
3916626
3920055
3923692
3927035
3930425
3934212
3937749
