576
38
414
594
384
167
340
171
334
637
951
707
391
755
407
638
633
577
375
195
675
714
94
25
203
538
679
841
218
867
421
648
843
71
324
269
357
547
412
281
993
81
893
624
5
973
855
562
53
945
537
107
626
434
783
433
497
62
640
216
202
649
961
168
134
685
502
833
247
975
664
178
411
243
963
605
440
100
625
680
650
215
349
739
23
603
471
659
869
28
98
759
979
934
428
885
742
858
710
255
786
361
743
335
267
276
74
199
72
619
982
758
475
265
909
595
589
177
11
300
145
771
607
932
42
585
251
643
949
941
36
575
487
723
343
273
764
198
898
817
470
544
152
892
548
968
803
321
69
348
126
109
937
86
512
316
686
46
209
860
355
204
241
341
878
436
948
448
627
437
696
942
725
461
699
795
236
876
877
183
223
15
872
713
364
865
78
779
861
239
12
211
906
744
966
132
613
856
777
839
778
534
442
733
26
555
88
955
695
985
682
628
634
266
550
278
149
754
956
394
611
908
392
516
902
108
853
737
787
530
513
423
307
635
271
946
642
387
314
146
242
561
845
490
347
994
147
367
248
119
524
435
552
180
7
496
121
284
632
256
972
328
970
190
297
881
97
773
381
499
139
770
704
542
868
596
157
940
1
89
33
186
438
980
205
522
854
905
870
192
824
287
446
889
350
460
67
374
715
326
365
270
774
899
712
219
543
327
556
454
950
579
457
105
768
31
629
294
672
837
208
706
822
875
377
495
609
545
967
154
19
380
179
144
928
765
285
257
880
992
337
987
213
859
636
847
212
616
705
151
673
508
505
927
729
55
960
897
823
20
989
910
697
915
484
653
663
372
498
551
849
976
57
939
189
359
983
891
291
789
912
724
590
727
360
689
476
721
608
268
800
587
580
106
194
506
331
655
408
64
740
959
997
90
520
114
485
719
91
229
646
131
358
984
494
345
665
206
895
310
83
645
507
275
246
533
581
622
572
615
409
863
315
996
1000
921
772
570
656
510
110
752
93
6
514
952
519
410
602
794
521
10
298
598
155
810
280
813
378
404
283
403
883
63
153
958
726
662
488
988
288
54
815
769
2
826
425
295
591
515
302
439
452
691
258
472
274
670
474
886
32
911
929
244
406
50
398
618
539
312
141
527
482
738
658
873
140
264
368
158
24
34
990
459
30
47
104
535
308
41
210
836
785
500
745
730
709
29
221
102
657
647
317
262
821
207
253
330
536
926
82
947
480
303
943
811
400
49
51
9
259
125
862
8
678
564
848
225
692
135
735
226
70
671
597
761
491
138
245
652
746
819
639
802
838
900
111
379
798
525
957
123
684
748
750
503
827
965
187
61
866
567
68
363
700
731
342
443
427
120
44
977
674
161
346
919
37
162
890
130
623
825
390
757
445
938
708
376
124
716
831
592
931
998
224
604
395
944
65
681
621
48
313
240
560
683
933
760
323
668
173
954
741
385
234
728
289
667
254
523
58
717
469
593
465
468
478
974
424
4
566
362
260
923
366
92
882
846
56
352
354
690
852
804
669
80
720
641
456
879
16
299
304
582
170
142
546
467
612
238
807
732
184
676
27
904
166
369
344
763
79
175
306
805
318
451
60
762
978
389
233
227
466
338
122
718
620
654
489
820
230
286
196
386
766
320
52
463
698
418
884
830
549
432
329
792
164
701
922
517
888
133
781
971
388
422
558
509
371
687
797
631
916
995
573
844
816
309
753
405
557
17
842
419
333
711
420
796
401
969
250
782
511
351
953
87
486
666
277
156
22
479
799
188
828
896
568
913
694
85
137
571
453
793
736
450
814
430
887
788
77
172
578
532
228
835
116
305
99
417
809
767
801
3
40
148
756
322
703
601
191
426
920
447
518
918
554
747
232
396
473
231
850
96
540
917
501
136
588
112
43
235
261
293
924
165
688
169
356
332
565
462
553
493
791
812
449
143
163
45
272
894
399
127
832
574
279
986
874
871
416
214
935
176
528
35
413
415
21
864
857
296
455
981
840
13
339
914
382
59
644
477
290
95
749
834
702
531
292
185
193
128
115
458
751
201
991
529
301
599
504
790
808
661
393
610
73
734
402
373
336
492
249
383
197
930
101
117
159
569
174
600
617
397
441
806
282
370
651
222
150
851
999
75
84
217
18
429
964
481
614
903
103
76
563
118
353
901
464
325
311
784
722
431
907
113
677
200
925
818
319
14
630
129
693
586
776
962
526
780
606
829
660
220
541
583
160
181
936
584
559
775
39
237
252
263
182
483
444
66
-1