4536
8076
10920
14460
18298
22484
28321
33208
38792
44226
48565
52158
55250
59192
63181
67126
70373
73409
76551
80142
83581
86923
91112
94353
98041
102429
105419
108909
112649
117387
120577
126361
129799
132835
135725
137961
142548
146636
149925
152771
156013
158504
161149
165787
169277
172222
175644
178491
181138
184176
189607
193397
196690
199535
202174
204367
206662
209103
212194
215537
218727
221620
224094
226487
228971
231426
234021
237216
240559
244290
248977
251319
254361
257252
259293
261435
263978
268464
272057
274545
276892
279535
281976
284565
287656
290249
292641
295487
298525
301216
304012
307104
310441
313234
315977
318167
320605
323103
325692
328240
330884
333725
336317
339052
341647
344294
347034
349582
352472
355661
360947
363740
367432
369963
373061
375860
378603
381149
384491
388674
391978
394670
397613
399664
402057
404696
407543
410231
412682
414926
417567
420360
422846
425535
428074
430563
433057
436097
438842
441335
443724
446163
448700
451342
453884
456483
459667
462658
465551
468142
471235
473980
476474
478866
481356
483851
486796
489893
492388
494836
497634
500028
502571
505620
508161
510583
513324
515666
518255
520691
523183
525869
528206
530705
533200
535536
538129
540724
543165
545752
548393
550982
553583
556627
559670
563853
566548
569644
573032
575627
578565
581405
584248
588684
591672
594364
597009
599651
602595
605639
608631
611915
614615
617154
620046
622880
625719
628814
631802
635189
637786
640528
643826
646971
649612
652255
655052
657947
660940
663584
667069
670257
673401
676590
680222
683249
686387
689026
692913
695805
698595
701533
704572
707859
711301
714286
716728
720094
724133
728320
731418
734458
737698
740342
743339
746186
748976
751816
754902
757745
760638
763782
766674
769464
773605
776443
779091
781830
784468
786963
789859
792502
797641
801929
804923
807914
811603
814649
817741
821037
824326
827374
830118
833077
836116
839003
842095
845530
848175
850820
853509
856007
858548
861691
864834
867771
870765
874060
876852
879645
882632
885075
887419
889908
892253
894693
897735
900280
902920
905761
908786
911678
914768
917908
920851
923594
926492
929032
931425
934270
937364
940800
943790
946530
949967
953208
955799
958638
962020
964564
967512
969906
972599
975298
977991
980484
983177
985622
988114
990848
993544
996142
998785
1001330
1004225
1006819
1008966
1011309
1014002
1016790
1019630
1022419
1025210
1028110
1030746
1033385
1035875
1038318
1041162
1043805
1046595
1049234
1051526
1053820
1056662
1059254
1061792
1064682
1067571
1070665
1073806
1076347
1078987
1081774
1084513
1087103
1089648
1092337
1094681
1097279
1100263
1102757
1105447
1108084
1110489
1113076
1115864
1118853
1121447
1123643
1125881
1128568
1131509
1134402
1137193
1139592
1142279
1144871
1147169
1149510
1152053
1155298
1158036
1160831
1163322
1166016
1168808
1171159
1173502
1175752
1178844
1181887
1184082
1186726
1189269
1192258
1195297
1198087
1203273
1206663
1209411
1213500
1217687
1221728
1225121
1228412
1231353
1235641
1238581
1241222
1244260
1247088
1250626
1253916
1256811
1259950
1263139
1267178
1269873
1272417
1275606
1278397
1280889
1284228
1288266
1291704
1294492
1296734
1299278
1303162
1307102
1310988
1314383
1318524
1322610
1326602
1330795
1334489
1338128
1341766
1344999
1348789
1352621
1356154
1359839
1364037
1368517
1372361
1375205
1377900
1383685
1387071
1389862
1394149
1397494
1400187
1403131
1406065
1408561
1411107
1414098
1416931
1419373
1422618
1426560
1430692
1434229
1437771
1441116
1444307
1448202
1451695
1455829
1459614
1463299
1466641
1469635
1472820
1476163
1479762
1483103
1486588
1489726
1492865
1495506
1498248
1501190
1504038
1507177
1511171
1513917
1516411
1519004
1522989
1527030
1529720
1533111
1536559
1539247
1541790
1544531
1547570
1550352
1553089
1555582
1558324
1561413
1564256
1567343
1570036
1572729
1575572
1578215
1580855
1583845
1586645
1590288
1593131
1595926
1598815
1602110
1605301
1608241
1611432
1614477
1617466
1621055
1625550
1629042
1632184
1635272
1638113
1640803
1643243
1645986
1648330
1651423
1654066
1656862
1659802
1662546
1665189
1667983
1670569
1673265
1675909
1678603
1681396
1684548
1687142
1689388
1691931
1694871
1697564
1700057
1702849
1705693
1708497
1711588
1715775
1719018
1723008
1726446
1729982
1734968
1741450
1749728
1753693
1756632
1759732
1762578
1765264
1768160
1771996
1775688
1779321
1782364
1785159
1788201
1791598
1794783
1797372
1799918
1802909
1805955
1809143
1812149
1814993
1817881
1820822
1823514
1826157
1829094
1831839
1834830
1837621
1840514
1843353
1846651
1849942
1853284
1856571
1859860
1863003
1866492
1870986
1874075
1877272
1880312
1883352
1886396
1889481
1892679
1896016
1899154
1902443
1905337
1907928
1910621
1913026
1915517
1920197
1924336
1927230
1929826
1932665
1935904
1939043
1942186
1945279
1948617
1951459
1954151
1957244
1960343
1962938
1965580
1968276
1971175
1974116
1977059
1980150
1982945
1986036
1988379
1991223
1993965
1996757
2000846
2004736
2007873
2010668
2013662
2016254
2019296
2022139
2025423
2028313
2031253
2033996
2036841
2039632
2042123
2045010
2047852
2050395
2053040
2055980
2058716
2061555
2064195
2067087
2069977
2072569
2075110
2077849
2080441
2083236
2086076
2089068
2091858
2094348
2096795
2099445
2102880
2105423
2108415
2111255
2114046
2116890
2119583
2122422
2125113
2127958
2130804
2133838
2136332
2138973
2141714
2146211
2150594
2155131
2159217
2162995
2167182
2170721
2174417
2178062
2181301
2184148
2186742
2189638
2193626
2197700
2201447
2205443
2209685
2213671
2217264
2220157
2223492
2227384
2230330
2232776
2236613
2240797
2244538
2248783
2252319
2255911
2258354
2262140
2265531
2268466
2271961
2274803
2277646
2280188
2282334
2284424
2286671
2288916
2291713
2294305
2296948
2299844
2302928
2305619
2308366
2310572
2312716
2315259
2317802
2320951
2324343
2326982
2329876
2332419
2335168
2337866
2340460
2343204
2345898
2348294
2350636
2353429
2356217
2359314
2361606
2363947
2367089
2369927
2372575
2375668
2378358
2381302
2383849
2387242
2394570
2397660
2400844
2403586
2406475
2409017
2411655
2414453
2417595
2420338
2422929
2425871
2428664
2431955
2434841
2438034
2441180
2443919
2446559
2449550
2452233
2454820
2457509
2461003
2463543
2466336
2469085
2472074
2475059
2478450
2481187
2483732
2486122
2488813
2491555
2494545
2497590
2500629
2504120
2507115
2510355
2513591
2516233
2518975
2521815
2524455
2528242
2531393
2534533
2537527
2541621
2545410
2548048
2550737
2553478
2556868
2560458
2563950
2566592
2570085
2573723
2576209
2580748
2584384
2587625
2591720
2595107
2598547
2602185
2605029
2607623
2610215
2613204
2616248
2618640
2621382
2624022
2627464
2630306
2633000
2635844
2638738
2642179
2645371
2649460
2653207
2657295
2661728
2665675
2669464
2673401
2677177
2680971
2684566
2688555
2692298
2696733
2700378
2703770
2706454
2709246
2712044
2715630
2719762
2722952
2725544
2727887
2731428
2735259
2738900
2742382
2745120
2748162
2751659
2755049
2758295
2761986
2765230
2768816
2772305
2775801
2779192
2781737
2784177
2786670
2789461
2791704
2794443
2797288
2800128
2802971
2805718
2808363
2810953
2813448
2816426
2818870
2821613
2825252
2829092
2832274
2834967
2837456
2840899
2844399
2847535
2849979
2852724
2855663
2858903
2863344
2866433
2869675
2872515
2875605
2878199
2880842
2883836
2886725
2889764
2892363
2894856
2897544
2900228
2902428
2904913
2907756
2910245
2912687
2915735
2918577
2921918
2924960
2927897
2930686
2933877
2936822
2940307
2944345
2948235
2951470
2954114
2957202
2959840
2962435
2965627
2967971
2970715
2973307
2976201
2979194
2982085
2984875
2987218
2990056
2992197
2994669
2998809
3001696
3004094
3006384
3008825
3011465
3015059
3017455
3020198
3022803
3025745
3028435
3031028
3033374
3036071
